1 2 395
1 3 370
1 4 70
1 5 70
1 6 90
2 1 395
2 7 405
3 1 370
3 8 350
4 1 70
4 7 100
4 8 90
4 9 400
4 10 70
4 11 6400
5 1 70
5 7 70
5 9 375
6 1 90
6 7 100
6 12 150
7 2 405
7 4 100
7 5 70
7 6 100
7 13 1
7 14 100
8 3 350
8 4 90
8 15 70
9 4 400
9 5 375
9 11 6070
10 4 70
10 15 70
10 16 100
11 4 6400
11 9 6070
12 6 150
12 14 350
13 7 1
13 15 70
13 16 100
13 17 1598
14 7 100
14 12 350
14 18 250
15 8 70
15 10 70
15 13 70
15 17 1598
15 19 6070
16 10 100
16 13 100
16 20 140
16 21 400
17 13 1598
17 15 1598
18 14 250
18 20 170
19 15 6070
20 16 140
20 18 170
20 22 400
21 16 400
21 22 400
22 20 400
22 21 400
