1 2 2
1 3 2
1 4 1.36089
1 5 1
6 7 5.25377
8 7 4.43618
8 3 4.43618
8 9 4.93618
10 7 5.55041
10 3 5.55041
10 9 6.05041
11 7 3.20129
11 3 3.20129
11 12 1.75578
11 9 3.70129
13 14 6.43761
15 16 0.058643
15 2 1
15 3 1
17 7 2.5
17 3 2.5
17 9 3
17 18 0.5
19 7 5.16774
19 3 5.16774
19 9 5.66774
5 2 2
5 1 1
5 3 2
14 13 6.43761
14 20 14.7744
14 21 5.7254
22 7 6.64459
22 23 2.57687
22 3 6.64459
22 9 7.14459
22 24 4.22147
4 2 2.36089
4 1 1.36089
4 25 1
4 26 0.6668
4 3 2.36089
21 27 1.62733
21 3 28.3378
21 9 27.8378
21 14 5.7254
26 2 1.69409
26 3 1.69409
26 4 0.6668
24 22 4.22147
24 2 4.42312
24 28 3.42312
24 3 3.42312
24 9 3.92312
18 17 0.5
18 28 0.519398133020849
18 3 3
29 2 1.38506
29 3 1.38506
30 2 0.325794
31 2 1.5
31 3 0.5
7 22 6.64459
7 10 5.55041
7 32 5.18255
7 11 3.20129
7 17 2.5
7 19 5.16774
7 3 1
7 12 2.44551
7 8 4.43618
7 6 5.25377
7 9 1.5
7 33 2.08036
28 2 1
28 3 2
28 9 2.5
28 24 3.42312
28 18 0.519398133020849
34 3 6.71161
34 9 7.21161
20 14 14.7744
12 7 2.44551
12 11 1.75578
12 3 2.44551
12 9 2.94551
12 33 1.36515
16 15 0.058643
35 2 8.85562
35 3 8.85562
35 36 8.45465
9 22 7.14459
9 11 3.70129
9 17 3
9 19 5.66774
9 3 1.5
9 8 4.93618
9 21 27.8378
9 7 1.5
9 10 6.05041
9 32 5.68255
9 2 0.5
9 28 2.5
9 34 7.21161
9 12 2.94551
9 24 3.92312
9 33 2.58036
37 2 1.83264
37 3 1.83264
37 38 0.951366
39 2 1.98059
39 3 1.98059
32 7 5.18255
32 3 5.18255
32 9 5.68255
27 21 1.62733
3 17 2.5
3 1 2
3 19 5.16774
3 8 4.43618
3 5 2
3 31 0.5
3 7 1
3 10 5.55041
3 28 2
3 34 6.71161
3 40 0.5
3 12 2.44551
3 33 2.08036
3 22 6.64459
3 11 3.20129
3 35 8.85562
3 4 2.36089
3 9 1.5
3 37 1.83264
3 21 28.3378
3 39 1.98059
3 2 1
3 32 5.18255
3 26 1.69409
3 15 1
3 24 3.42312
3 18 3
3 29 1.38506
23 22 2.57687
40 2 0.5
40 25 1.86089
40 3 0.5
38 37 0.951366
33 7 2.08036
33 3 2.08036
33 12 1.36515
33 9 2.58036
25 40 1.86089
25 4 1
2 1 2
2 3 1
2 30 0.325794
2 5 2
2 31 1.5
2 28 1
2 40 0.5
2 35 8.85562
2 4 2.36089
2 9 0.5
2 37 1.83264
2 39 1.98059
2 26 1.69409
2 15 1
2 41 1.13921
2 24 4.42312
2 29 1.38506
41 2 1.13921
36 35 8.45465
