1 2 1
1 3 2
1 4 2
1 5 3
6 7 1
8 9 2
8 10 5
8 11 6
8 12 10
8 13 16
8 14 7
8 15 13
8 16 3
8 17 6
8 18 16
8 19 17
8 20 18
8 7 5
21 22 2
23 10 5
23 11 10
23 13 19
23 14 2
23 24 2
23 19 20
23 20 19
23 7 1
25 26 3
25 3 3
25 4 5
27 10 7
27 11 13
27 12 15
27 13 21
27 28 100000
27 29 26
27 14 2
27 30 1
27 16 5
27 19 22
27 20 20
27 7 4
31 12 1
2 1 1
2 3 2
2 4 2
9 8 2
9 11 8
9 13 18
9 14 5
9 19 19
9 20 19
9 7 3
10 8 5
10 23 5
10 27 7
10 32 3
10 33 3
10 11 7
10 12 8
10 34 2
10 22 8
10 35 13
10 4 32
10 13 15
10 36 10
10 37 3
10 14 6
10 38 8
10 39 6
10 15 12
10 16 6
10 17 6
10 40 15
10 41 11
10 42 9
10 18 14
10 43 15
10 19 15
10 20 14
10 44 3
10 45 6
10 46 9
10 47 14
10 7 5
10 48 6
32 10 3
32 11 7
32 49 1
32 13 16
32 14 5
32 16 4
32 19 17
32 20 16
32 7 4
33 10 3
33 11 9
33 13 17
33 14 4
33 19 18
33 20 17
33 7 3
11 8 6
11 23 10
11 27 13
11 9 8
11 10 7
11 32 7
11 33 9
11 12 6
11 34 9
11 22 2
11 35 9
11 13 11
11 36 9
11 50 5
11 14 12
11 38 8
11 39 11
11 15 8
11 16 9
11 17 11
11 40 12
11 41 9
11 42 3
11 18 10
11 43 12
11 19 12
11 20 14
11 44 5
11 45 12
11 46 8
11 47 10
11 7 10
11 48 12
12 8 10
12 27 15
12 31 1
12 10 8
12 11 6
12 22 8
12 35 5
12 13 7
12 36 14
12 14 14
12 38 13
12 39 13
12 15 5
12 17 13
12 41 4
12 18 7
12 43 8
12 19 8
12 20 9
12 47 7
12 7 12
34 10 2
34 11 9
34 13 16
34 14 4
34 16 5
34 19 17
34 20 16
34 7 4
26 25 3
26 3 1
26 4 3
3 1 2
3 25 3
3 2 2
3 26 1
3 51 3
3 4 4
3 52 8
3 53 2
3 14 31
3 5 3
3 54 7
3 7 33
3 55 2
56 14 1
51 3 3
51 4 4
57 13 21
22 21 2
22 10 8
22 11 2
22 12 8
22 13 12
22 58 3
22 14 12
22 42 2
22 19 13
22 20 16
22 7 10
49 32 1
35 10 13
35 11 9
35 12 5
35 13 2
35 14 18
35 19 4
35 20 7
35 7 17
4 1 2
4 25 5
4 2 2
4 10 32
4 26 3
4 3 4
4 51 4
4 52 7
4 59 5
4 53 5
4 14 28
4 5 2
4 20 39
4 7 30
4 55 4
13 8 16
13 23 19
13 27 21
13 9 18
13 10 15
13 32 16
13 33 17
13 11 11
13 12 7
13 34 16
13 57 21
13 22 12
13 35 2
13 36 19
13 50 15
13 14 20
13 38 18
13 39 20
13 15 3
13 16 19
13 17 20
13 40 3
13 41 5
13 42 10
13 18 1
13 19 3
13 20 8
13 44 13
13 45 20
13 46 18
13 47 1
13 7 19
13 48 20
52 3 8
52 4 7
52 14 29
52 7 31
28 27 100000
29 27 26
36 10 10
36 11 9
36 12 14
36 13 19
36 14 9
36 16 6
36 19 21
36 20 22
36 7 8
59 4 5
59 7 34
37 10 3
53 3 2
53 4 5
50 11 5
50 13 15
50 16 4
50 17 6
50 19 16
58 22 3
14 8 7
14 23 2
14 27 2
14 9 5
14 10 6
14 32 5
14 33 4
14 11 12
14 12 14
14 34 4
14 3 31
14 56 1
14 22 12
14 35 18
14 4 28
14 13 20
14 52 29
14 36 9
14 60 1
14 38 8
14 5 30
14 39 1
14 15 18
14 16 4
14 17 1
14 40 21
14 41 16
14 42 13
14 18 20
14 43 21
14 19 21
14 20 20
14 44 8
14 45 1
14 46 9
14 47 20
14 7 2
14 48 1
14 55 32
60 14 1
38 10 8
38 11 8
38 12 13
38 13 18
38 14 8
38 19 20
38 20 21
38 7 7
61 19 1
5 1 3
5 3 3
5 4 2
5 14 30
5 7 31
39 10 6
39 11 11
39 12 13
39 13 20
39 14 1
39 62 1
39 19 21
39 20 20
39 7 2
39 48 1
15 8 13
15 10 12
15 11 8
15 12 5
15 13 3
15 14 18
15 19 5
15 20 9
15 7 16
24 23 2
63 20 2
62 39 1
30 27 1
16 8 3
16 27 5
16 10 6
16 32 4
16 11 9
16 34 5
16 13 19
16 36 6
16 50 4
16 14 4
16 19 20
16 20 19
16 44 6
16 45 4
16 46 5
16 7 2
17 8 6
17 10 6
17 11 11
17 12 13
17 13 20
17 50 6
17 14 1
17 19 21
17 20 20
17 7 2
40 10 15
40 11 12
40 13 3
40 14 21
40 19 1
40 20 6
40 7 20
41 10 11
41 11 9
41 12 4
41 13 5
41 14 16
41 19 5
41 20 6
41 7 15
42 10 9
42 11 3
42 22 2
42 13 10
42 14 13
42 19 12
42 20 15
42 7 12
18 8 16
18 10 14
18 11 10
18 12 7
18 13 1
18 14 20
18 19 4
18 20 9
18 7 19
43 10 15
43 11 12
43 12 8
43 14 21
43 19 1
43 20 6
43 7 20
19 8 17
19 23 20
19 27 22
19 9 19
19 10 15
19 32 17
19 33 18
19 11 12
19 12 8
19 34 17
19 22 13
19 35 4
19 13 3
19 36 21
19 50 16
19 14 21
19 38 20
19 61 1
19 39 21
19 15 5
19 16 20
19 17 21
19 40 1
19 41 5
19 42 12
19 18 4
19 43 1
19 20 6
19 44 14
19 45 21
19 46 20
19 47 3
19 7 20
19 48 21
20 8 18
20 23 19
20 27 20
20 9 19
20 10 14
20 32 16
20 33 17
20 11 14
20 12 9
20 34 16
20 22 16
20 35 7
20 4 39
20 13 8
20 36 22
20 14 20
20 38 21
20 39 20
20 15 9
20 63 2
20 16 19
20 17 20
20 40 6
20 41 6
20 42 15
20 18 9
20 43 6
20 19 6
20 44 14
20 45 20
20 46 21
20 47 8
20 7 19
20 48 20
44 10 3
44 11 5
44 13 13
44 14 8
44 16 6
44 19 14
44 20 14
44 7 6
45 10 6
45 11 12
45 13 20
45 14 1
45 16 4
45 19 21
45 20 20
45 7 2
54 3 7
46 10 9
46 11 8
46 13 18
46 14 9
46 16 5
46 19 20
46 20 21
46 7 7
47 10 14
47 11 10
47 12 7
47 13 1
47 14 20
47 19 3
47 20 8
47 7 19
7 6 1
7 8 5
7 23 1
7 27 4
7 9 3
7 10 5
7 32 4
7 33 3
7 11 10
7 12 12
7 34 4
7 3 33
7 22 10
7 35 17
7 4 30
7 13 19
7 52 31
7 36 8
7 59 34
7 14 2
7 38 7
7 5 31
7 39 2
7 15 16
7 16 2
7 17 2
7 40 20
7 41 15
7 42 12
7 18 19
7 43 20
7 19 20
7 20 19
7 44 6
7 45 2
7 46 7
7 47 19
7 48 2
48 10 6
48 11 12
48 13 20
48 14 1
48 39 1
48 19 21
48 20 20
48 7 2
55 3 2
55 4 4
55 14 32
