1 2 0.5
1 3 0.5
3 2 1
3 1 0.5
4 5 2.5
4 6 41.5302
7 8 2
7 9 1
7 10 7.81628
7 6 0.5
7 11 0.5
7 12 0.5
13 2 2
13 14 1
13 15 7.81628
13 16 1
10 2 1.5
10 7 7.81628
10 17 26.3378
10 18 3
10 19 1.51525
20 14 0.5
20 21 7.81628
20 22 8.39025
23 21 2.63736
24 25 1.31101
26 27 0.840684
26 28 2.32778
26 11 1.5
26 29 1.5
30 31 0.0837634
2 32 2.5
2 1 0.5
2 33 27.8378
2 3 1
2 15 6.81628
2 34 2.53159
2 13 2
2 10 1.5
2 35 6.31628
2 19 2.01525
36 37 0.774983
38 39 0.487896
38 40 1.59611
38 41 2
38 25 1.8331
31 30 0.0837634
31 15 7.31965
31 11 6.31965
41 15 2.09611
41 38 2
41 25 2.8331
42 43 1.5
42 17 1.55963
14 44 0.0421768
14 45 0.321483
14 9 7.31628
14 34 3.53159
14 46 0.5
14 13 1
14 20 0.5
14 16 1
32 2 2.5
32 37 5.81628
44 14 0.0421768
11 8 0.5
11 26 1.5
11 31 6.31965
11 47 55.8074
11 48 42.5302
11 15 2
11 9 0.5
11 7 0.5
11 5 42.0302
11 6 1
11 49 67.2202
11 50 59.8123
51 6 1.5
51 52 0.5
28 26 2.32778
28 29 3.82778
34 2 2.53159
34 14 3.53159
27 26 0.840684
53 16 9.89025
53 22 1
12 9 1.5
12 7 0.5
54 18 1.23517
17 42 1.55963
17 10 26.3378
17 55 6.31536
17 33 1
56 5 5.8292
5 11 42.0302
5 47 13.7772
5 48 0.5
5 4 2.5
5 56 5.8292
5 49 26.19
5 29 41.0302
5 50 20.7821
57 35 1.0017
16 14 1
16 53 9.89025
16 13 1
16 46 1.5
16 40 5.31628
16 18 2.5
29 26 1.5
29 48 41.5302
29 28 3.82778
29 9 1.5
29 15 2
29 5 41.0302
29 49 65.2202
43 42 1.5
43 33 1.05963
58 9 7.85325
58 40 7.85325
59 15 1.0336
33 43 1.05963
33 2 27.8378
33 17 1
33 55 6.31536
21 40 3
21 20 7.81628
21 23 2.63736
21 52 3.5
25 38 1.8331
25 24 1.31101
25 41 2.8331
45 14 0.321483
15 2 6.81628
15 60 0.151234
15 40 2.5
15 59 1.0336
15 31 7.31965
15 11 2
15 41 2.09611
15 61 0.99485
15 62 1.62814
15 13 7.81628
15 35 2.5
15 37 0.5
15 29 2
8 9 1
8 7 2
8 63 0.123628
8 64 0.263148
8 11 0.5
65 40 1.45877
60 15 0.151234
66 9 0.694034
40 9 3
40 15 2.5
40 65 1.45877
40 58 7.85325
40 16 5.31628
40 38 1.59611
40 21 3
64 8 0.263148
47 5 13.7772
47 49 12.4128
47 11 55.8074
48 5 0.5
48 11 42.5302
48 29 41.5302
35 2 6.31628
35 15 2.5
35 57 1.0017
50 5 20.7821
50 11 59.8123
37 15 0.5
37 36 0.774983
37 32 5.81628
37 67 0.125031
19 2 2.01525
19 10 1.51525
19 68 0.592747
68 19 0.592747
67 37 0.125031
61 15 0.99485
9 8 1
9 14 7.31628
9 66 0.694034
9 58 7.85325
9 40 3
9 52 1.5
9 11 0.5
9 12 1.5
9 7 1
9 29 1.5
39 38 0.487896
49 5 26.19
49 11 67.2202
49 29 65.2202
49 47 12.4128
18 54 1.23517
18 10 3
18 16 2.5
18 69 0.282704
18 70 1.26326
52 51 0.5
52 9 1.5
52 6 1
52 21 3.5
22 53 1
22 20 8.39025
70 18 1.26326
46 14 0.5
46 16 1.5
62 15 1.62814
6 51 1.5
6 4 41.5302
6 7 0.5
6 52 1
6 11 1
63 8 0.123628
55 17 6.31536
55 33 6.31536
69 18 0.282704
