1
1 11
1 2
1 22
1 6
1 3
1 9
1 12
1 20
1 14
1 8
1 4
1 10
1 4 21
1 4 7
1 4 17
1 4 18
1 4 23
1 4 16
1 4 13
1 4 15
1 4 19
1 4 5
2
2 1
2 1 11
2 1 22
2 1 6
2 1 3
2 1 9
2 1 12
2 1 20
2 1 14
2 1 8
2 1 4
2 1 10
2 1 4 21
2 1 4 7
2 1 4 17
2 1 4 18
2 1 4 23
2 1 4 16
2 1 4 13
2 1 4 15
2 1 4 19
2 1 4 5
3
3 1
3 1 11
3 1 2
3 1 22
3 1 6
3 1 9
3 1 12
3 1 20
3 1 14
3 1 8
3 1 4
3 1 10
3 1 4 21
3 1 4 7
3 1 4 17
3 1 4 18
3 1 4 23
3 1 4 16
3 1 4 13
3 1 4 15
3 1 4 19
3 1 4 5
4
4 21
4 7
4 17
4 1
4 18
4 23
4 16
4 13
4 15
4 19
4 5
4 1 11
4 1 2
4 1 22
4 1 6
4 1 3
4 1 9
4 1 12
4 1 20
4 1 14
4 1 8
4 1 10
5
5 4
5 4 21
5 4 7
5 4 17
5 4 1
5 4 18
5 4 23
5 4 16
5 4 13
5 4 15
5 4 19
5 4 1 11
5 4 1 2
5 4 1 22
5 4 1 6
5 4 1 3
5 4 1 9
5 4 1 12
5 4 1 20
5 4 1 14
5 4 1 8
5 4 1 10
6
6 1
6 1 11
6 1 2
6 1 22
6 1 3
6 1 9
6 1 12
6 1 20
6 1 14
6 1 8
6 1 4
6 1 10
6 1 4 21
6 1 4 7
6 1 4 17
6 1 4 18
6 1 4 23
6 1 4 16
6 1 4 13
6 1 4 15
6 1 4 19
6 1 4 5
7
7 4
7 4 21
7 4 17
7 4 1
7 4 18
7 4 23
7 4 16
7 4 13
7 4 15
7 4 19
7 4 5
7 4 1 11
7 4 1 2
7 4 1 22
7 4 1 6
7 4 1 3
7 4 1 9
7 4 1 12
7 4 1 20
7 4 1 14
7 4 1 8
7 4 1 10
8
8 1
8 1 11
8 1 2
8 1 22
8 1 6
8 1 3
8 1 9
8 1 12
8 1 20
8 1 14
8 1 4
8 1 10
8 1 4 21
8 1 4 7
8 1 4 17
8 1 4 18
8 1 4 23
8 1 4 16
8 1 4 13
8 1 4 15
8 1 4 19
8 1 4 5
9
9 1
9 1 11
9 1 2
9 1 22
9 1 6
9 1 3
9 1 12
9 1 20
9 1 14
9 1 8
9 1 4
9 1 10
9 1 4 21
9 1 4 7
9 1 4 17
9 1 4 18
9 1 4 23
9 1 4 16
9 1 4 13
9 1 4 15
9 1 4 19
9 1 4 5
10
10 1
10 1 11
10 1 2
10 1 22
10 1 6
10 1 3
10 1 9
10 1 12
10 1 20
10 1 14
10 1 8
10 1 4
10 1 4 21
10 1 4 7
10 1 4 17
10 1 4 18
10 1 4 23
10 1 4 16
10 1 4 13
10 1 4 15
10 1 4 19
10 1 4 5
11
11 1
11 1 2
11 1 22
11 1 6
11 1 3
11 1 9
11 1 12
11 1 20
11 1 14
11 1 8
11 1 4
11 1 10
11 1 4 21
11 1 4 7
11 1 4 17
11 1 4 18
11 1 4 23
11 1 4 16
11 1 4 13
11 1 4 15
11 1 4 19
11 1 4 5
12
12 1
12 1 11
12 1 2
12 1 22
12 1 6
12 1 3
12 1 9
12 1 20
12 1 14
12 1 8
12 1 4
12 1 10
12 1 4 21
12 1 4 7
12 1 4 17
12 1 4 18
12 1 4 23
12 1 4 16
12 1 4 13
12 1 4 15
12 1 4 19
12 1 4 5
13
13 4
13 4 21
13 4 7
13 4 17
13 4 1
13 4 18
13 4 23
13 4 16
13 4 15
13 4 19
13 4 5
13 4 1 11
13 4 1 2
13 4 1 22
13 4 1 6
13 4 1 3
13 4 1 9
13 4 1 12
13 4 1 20
13 4 1 14
13 4 1 8
13 4 1 10
14
14 1
14 1 11
14 1 2
14 1 22
14 1 6
14 1 3
14 1 9
14 1 12
14 1 20
14 1 8
14 1 4
14 1 10
14 1 4 21
14 1 4 7
14 1 4 17
14 1 4 18
14 1 4 23
14 1 4 16
14 1 4 13
14 1 4 15
14 1 4 19
14 1 4 5
15
15 4
15 4 21
15 4 7
15 4 17
15 4 1
15 4 18
15 4 23
15 4 16
15 4 13
15 4 19
15 4 5
15 4 1 11
15 4 1 2
15 4 1 22
15 4 1 6
15 4 1 3
15 4 1 9
15 4 1 12
15 4 1 20
15 4 1 14
15 4 1 8
15 4 1 10
16
16 4
16 4 21
16 4 7
16 4 17
16 4 1
16 4 18
16 4 23
16 4 13
16 4 15
16 4 19
16 4 5
16 4 1 11
16 4 1 2
16 4 1 22
16 4 1 6
16 4 1 3
16 4 1 9
16 4 1 12
16 4 1 20
16 4 1 14
16 4 1 8
16 4 1 10
17
17 4
17 4 21
17 4 7
17 4 1
17 4 18
17 4 23
17 4 16
17 4 13
17 4 15
17 4 19
17 4 5
17 4 1 11
17 4 1 2
17 4 1 22
17 4 1 6
17 4 1 3
17 4 1 9
17 4 1 12
17 4 1 20
17 4 1 14
17 4 1 8
17 4 1 10
18
18 4
18 4 21
18 4 7
18 4 17
18 4 1
18 4 23
18 4 16
18 4 13
18 4 15
18 4 19
18 4 5
18 4 1 11
18 4 1 2
18 4 1 22
18 4 1 6
18 4 1 3
18 4 1 9
18 4 1 12
18 4 1 20
18 4 1 14
18 4 1 8
18 4 1 10
19
19 4
19 4 21
19 4 7
19 4 17
19 4 1
19 4 18
19 4 23
19 4 16
19 4 13
19 4 15
19 4 5
19 4 1 11
19 4 1 2
19 4 1 22
19 4 1 6
19 4 1 3
19 4 1 9
19 4 1 12
19 4 1 20
19 4 1 14
19 4 1 8
19 4 1 10
20
20 1
20 1 11
20 1 2
20 1 22
20 1 6
20 1 3
20 1 9
20 1 12
20 1 14
20 1 8
20 1 4
20 1 10
20 1 4 21
20 1 4 7
20 1 4 17
20 1 4 18
20 1 4 23
20 1 4 16
20 1 4 13
20 1 4 15
20 1 4 19
20 1 4 5
21
21 4
21 4 7
21 4 17
21 4 1
21 4 18
21 4 23
21 4 16
21 4 13
21 4 15
21 4 19
21 4 5
21 4 1 11
21 4 1 2
21 4 1 22
21 4 1 6
21 4 1 3
21 4 1 9
21 4 1 12
21 4 1 20
21 4 1 14
21 4 1 8
21 4 1 10
22
22 1
22 1 11
22 1 2
22 1 6
22 1 3
22 1 9
22 1 12
22 1 20
22 1 14
22 1 8
22 1 4
22 1 10
22 1 4 21
22 1 4 7
22 1 4 17
22 1 4 18
22 1 4 23
22 1 4 16
22 1 4 13
22 1 4 15
22 1 4 19
22 1 4 5
23
23 4
23 4 21
23 4 7
23 4 17
23 4 1
23 4 18
23 4 16
23 4 13
23 4 15
23 4 19
23 4 5
23 4 1 11
23 4 1 2
23 4 1 22
23 4 1 6
23 4 1 3
23 4 1 9
23 4 1 12
23 4 1 20
23 4 1 14
23 4 1 8
23 4 1 10
