1;0.0293280772902379
1 11;0.0062829550854554
1 2;1.73232081953047e-05
1 22;0.00302767701510723
1 6;0.00567836444669251
1 3;0.000204577272240133
1 9;8.18198096214847e-05
1 12;0.000679971151823996
1 20;0.0121459588943632
1 14;0.000546835733991993
1 8;0.0110629295902342
1 4;0.0262343992497822
1 10;0.000386111962615171
1 4 21;0.00603841271249986
1 4 7;0.00527827859229078
1 4 17;0.00630249506446955
1 4 18;0.000928616606341478
1 4 23;0.00180946808247512
1 4 16;0.00614300873774511
1 4 13;0.0142674522790817
1 4 15;0.00773436066893016
1 4 19;0.0047680775053816
1 4 5;0.000143374203362547
2;7.21874368529719e-07
2 1;1.73232081953047e-05
2 1 11;3.51948817473666e-06
2 1 22;2.10117857113195e-06
2 1 6;3.66368039247598e-06
2 1 3;4.549085508026e-07
2 1 9;1.37601574085405e-07
2 1 12;5.18019811528241e-07
2 1 20;7.37790515457423e-06
2 1 14;2.8761953810031e-07
2 1 8;6.61680579601861e-06
2 1 4;1.5929428435482e-05
2 1 10;4.77516414351087e-07
2 1 4 21;3.50091230234949e-06
2 1 4 7;3.5325812841805e-06
2 1 4 17;3.18356351886604e-06
2 1 4 18;1.32257713968365e-06
2 1 4 23;9.43500514564846e-07
2 1 4 16;4.16788152555286e-06
2 1 4 13;1.03133708645175e-05
2 1 4 15;6.7465576612741e-06
2 1 4 19;3.11297659267035e-06
2 1 4 5;2.46736093121068e-07
3;2.38962429093324e-05
3 1;0.000204577272240133
3 1 11;3.41471605861312e-05
3 1 2;4.549085508026e-07
3 1 22;2.02685396098926e-05
3 1 6;3.6959815132847e-05
3 1 9;8.77502943602691e-07
3 1 12;4.52697241829254e-06
3 1 20;0.000108459381954831
3 1 14;3.90185071061723e-06
3 1 8;6.91414161727474e-05
3 1 4;0.000177326139581991
3 1 10;4.90936934308108e-06
3 1 4 21;4.55658950410405e-05
3 1 4 7;3.87299736990813e-05
3 1 4 17;5.58326730588599e-05
3 1 4 18;1.23599142148467e-05
3 1 4 23;1.42461131837792e-05
3 1 4 16;7.17528985548893e-05
3 1 4 13;9.11488036661292e-05
3 1 4 15;5.59219891784235e-05
3 1 4 19;2.64041963967329e-05
3 1 4 5;1.47203278377204e-06
4;0.0465174653444396
4 21;0.00987607356097523
4 7;0.00955244703228478
4 17;0.0112226713852764
4 1;0.0262343992497822
4 18;0.000987219471654567
4 23;0.00271790433634408
4 16;0.00953855023797268
4 13;0.0226566466950453
4 15;0.0117139430992394
4 19;0.00909834136938625
4 5;0.000269647855766552
4 1 11;0.0106688687954591
4 1 2;1.5929428435482e-05
4 1 22;0.00367521697554133
4 1 6;0.00699614499334724
4 1 3;0.000177326139581991
4 1 9;0.000104031252279061
4 1 12;0.000571243032401909
4 1 20;0.00954565659322956
4 1 14;0.000477944285713365
4 1 8;0.0102944871097661
4 1 10;0.000372918258693093
5;4.99779490668219e-05
5 4;0.000269647855766552
5 4 21;5.63142215149516e-05
5 4 7;4.6724246982328e-05
5 4 17;4.97848935495384e-05
5 4 1;0.000143374203362547
5 4 18;4.21622834658878e-06
5 4 23;1.45671881660103e-05
5 4 16;5.38395347136732e-05
5 4 13;0.000123285870105889
5 4 15;8.04529633523778e-05
5 4 19;3.87252105508144e-05
5 4 1 11;4.2555661100716e-05
5 4 1 2;2.46736093121068e-07
5 4 1 22;1.65089138849889e-05
5 4 1 6;3.68068495941769e-05
5 4 1 3;1.47203278377204e-06
5 4 1 9;3.16784411808902e-07
5 4 1 12;4.64165332975015e-06
5 4 1 20;5.88355477494571e-05
5 4 1 14;1.55800495587681e-06
5 4 1 8;6.20892562781538e-05
5 4 1 10;2.83799923185332e-06
6;0.00180639798729493
6 1;0.00567836444669251
6 1 11;0.00171553918543791
6 1 2;3.66368039247598e-06
6 1 22;0.000686159116666528
6 1 3;3.6959815132847e-05
6 1 9;1.60233196042426e-05
6 1 12;0.000132590002315561
6 1 20;0.00206228342846644
6 1 14;9.79551118969824e-05
6 1 8;0.00198672992900356
6 1 4;0.00699614499334724
6 1 10;7.79288173103111e-05
6 1 4 21;0.00157422139941085
6 1 4 7;0.00146108502057238
6 1 4 17;0.00171909395156165
6 1 4 18;0.00018604318417689
6 1 4 23;0.000436710609013989
6 1 4 16;0.00157552635292481
6 1 4 13;0.00384537277641096
6 1 4 15;0.00207604348318174
6 1 4 19;0.00131053972038009
6 1 4 5;3.68068495941769e-05
7;0.00277147076900587
7 4;0.00955244703228478
7 4 21;0.00201508859959267
7 4 17;0.00196981863493466
7 4 1;0.00527827859229078
7 4 18;0.000205232430083367
7 4 23;0.000519946143415441
7 4 16;0.00174773636582489
7 4 13;0.0048625009092195
7 4 15;0.00234694312359966
7 4 19;0.00173966876514933
7 4 5;4.6724246982328e-05
7 4 1 11;0.00245493341249824
7 4 1 2;3.5325812841805e-06
7 4 1 22;0.000738882409817976
7 4 1 6;0.00146108502057238
7 4 1 3;3.87299736990813e-05
7 4 1 9;2.0395965236392e-05
7 4 1 12;8.88146109339219e-05
7 4 1 20;0.00191802087564142
7 4 1 14;9.85481038445234e-05
7 4 1 8;0.00204338872741269
7 4 1 10;8.50108042682299e-05
8;0.0058471667136927
8 1;0.0110629295902342
8 1 11;0.00239628509451277
8 1 2;6.61680579601861e-06
8 1 22;0.0010759773323227
8 1 6;0.00198672992900356
8 1 3;6.91414161727474e-05
8 1 9;2.59383293206207e-05
8 1 12;0.00021960983880046
8 1 20;0.00341202299059081
8 1 14;0.000154236775071095
8 1 4;0.0102944871097661
8 1 10;0.000151024157675232
8 1 4 21;0.00238250558031903
8 1 4 7;0.00204338872741269
8 1 4 17;0.00245563121840263
8 1 4 18;0.000319206723871505
8 1 4 23;0.000843733542586638
8 1 4 16;0.0023077080197256
8 1 4 13;0.00538848564221779
8 1 4 15;0.00288370982290684
8 1 4 19;0.00191328088543672
8 1 4 5;6.20892562781538e-05
9;8.06413684157976e-06
9 1;8.18198096214847e-05
9 1 11;4.39120241250837e-05
9 1 2;1.37601574085405e-07
9 1 22;1.04820642184263e-05
9 1 6;1.60233196042426e-05
9 1 3;8.77502943602691e-07
9 1 12;4.8752501732157e-06
9 1 20;2.98955091006772e-05
9 1 14;2.45460313293834e-06
9 1 8;2.59383293206207e-05
9 1 4;0.000104031252279061
9 1 10;1.3101796969283e-06
9 1 4 21;1.87119077183587e-05
9 1 4 7;2.0395965236392e-05
9 1 4 17;2.11104722732463e-05
9 1 4 18;3.15838678436107e-06
9 1 4 23;5.98832393155966e-06
9 1 4 16;2.59975706487746e-05
9 1 4 13;6.54095269447802e-05
9 1 4 15;2.06900916758234e-05
9 1 4 19;2.58054058528674e-05
9 1 4 5;3.16784411808902e-07
10;2.97627088370911e-05
10 1;0.000386111962615171
10 1 11;6.69321382384001e-05
10 1 2;4.77516414351087e-07
10 1 22;4.46857090540324e-05
10 1 6;7.79288173103111e-05
10 1 3;4.90936934308108e-06
10 1 9;1.3101796969283e-06
10 1 12;1.4182223645056e-05
10 1 20;0.000164930420774554
10 1 14;7.88714812942815e-06
10 1 8;0.000151024157675232
10 1 4;0.000372918258693093
10 1 4 21;7.84907347958874e-05
10 1 4 7;8.50108042682299e-05
10 1 4 17;8.20569751825533e-05
10 1 4 18;1.60202620158979e-05
10 1 4 23;3.97581364694449e-05
10 1 4 16;9.87434543574192e-05
10 1 4 13;0.00017573304464926
10 1 4 15;0.00010457632326575
10 1 4 19;7.5427381195603e-05
10 1 4 5;2.83799923185332e-06
11;0.0059159571097533
11 1;0.0062829550854554
11 1 2;3.51948817473666e-06
11 1 22;0.000828027692616692
11 1 6;0.00171553918543791
11 1 3;3.41471605861312e-05
11 1 9;4.39120241250837e-05
11 1 12;0.000110800706058792
11 1 20;0.00231715656947111
11 1 14;0.000127943162474021
11 1 8;0.00239628509451277
11 1 4;0.0106688687954591
11 1 10;6.69321382384001e-05
11 1 4 21;0.00215297960480149
11 1 4 7;0.00245493341249824
11 1 4 17;0.00243675205728796
11 1 4 18;0.000213616993493919
11 1 4 23;0.000573756318996878
11 1 4 16;0.00201367623514463
11 1 4 13;0.00805116558378871
11 1 4 15;0.00208294640909878
11 1 4 19;0.00236273347209489
11 1 4 5;4.2555661100716e-05
12;0.00016158002723321
12 1;0.000679971151823996
12 1 11;0.000110800706058792
12 1 2;5.18019811528241e-07
12 1 22;6.61304312476856e-05
12 1 6;0.000132590002315561
12 1 3;4.52697241829254e-06
12 1 9;4.8752501732157e-06
12 1 20;0.000228115508901307
12 1 14;1.14921374766926e-05
12 1 8;0.00021960983880046
12 1 4;0.000571243032401909
12 1 10;1.4182223645056e-05
12 1 4 21;0.000117291685856966
12 1 4 7;8.88146109339219e-05
12 1 4 17;0.000140284162737018
12 1 4 18;1.84489441763368e-05
12 1 4 23;7.4071964079061e-05
12 1 4 16;0.000165140724036489
12 1 4 13;0.000334295909366086
12 1 4 15;0.000219603751922532
12 1 4 19;9.37140274121723e-05
12 1 4 5;4.64165332975015e-06
13;0.0176675390852464
13 4;0.0226566466950453
13 4 21;0.00467011748032507
13 4 7;0.0048625009092195
13 4 17;0.00545924499441174
13 4 1;0.0142674522790817
13 4 18;0.000512808169751094
13 4 23;0.00123172879376218
13 4 16;0.00454556085009863
13 4 15;0.00942783600592551
13 4 19;0.00469993308040838
13 4 5;0.000123285870105889
13 4 1 11;0.00805116558378871
13 4 1 2;1.03133708645175e-05
13 4 1 22;0.00207002160912965
13 4 1 6;0.00384537277641096
13 4 1 3;9.11488036661292e-05
13 4 1 9;6.54095269447802e-05
13 4 1 12;0.000334295909366086
13 4 1 20;0.00528538293573353
13 4 1 14;0.000247929983220875
13 4 1 8;0.00538848564221779
13 4 1 10;0.00017573304464926
14;0.000109700656341244
14 1;0.000546835733991993
14 1 11;0.000127943162474021
14 1 2;2.8761953810031e-07
14 1 22;5.14476822400711e-05
14 1 6;9.79551118969824e-05
14 1 3;3.90185071061723e-06
14 1 9;2.45460313293834e-06
14 1 12;1.14921374766926e-05
14 1 20;0.000205228793336806
14 1 8;0.000154236775071095
14 1 4;0.000477944285713365
14 1 10;7.88714812942815e-06
14 1 4 21;0.000107724757348728
14 1 4 7;9.85481038445234e-05
14 1 4 17;0.000113139677021792
14 1 4 18;1.68815756704907e-05
14 1 4 23;3.62201512167514e-05
14 1 4 16;0.000119229045646283
14 1 4 13;0.000247929983220875
14 1 4 15;0.000122838082472339
14 1 4 19;8.88980988948491e-05
14 1 4 5;1.55800495587681e-06
15;0.00731934053455389
15 4;0.0117139430992394
15 4 21;0.00244296837575681
15 4 7;0.00234694312359966
15 4 17;0.00296245318309295
15 4 1;0.00773436066893016
15 4 18;0.000286637537185919
15 4 23;0.000623631233888915
15 4 16;0.00248512825279483
15 4 13;0.00942783600592551
15 4 19;0.00228006780956305
15 4 5;8.04529633523778e-05
15 4 1 11;0.00208294640909878
15 4 1 2;6.7465576612741e-06
15 4 1 22;0.00120877390170965
15 4 1 6;0.00207604348318174
15 4 1 3;5.59219891784235e-05
15 4 1 9;2.06900916758234e-05
15 4 1 12;0.000219603751922532
15 4 1 20;0.00289154596608646
15 4 1 14;0.000122838082472339
15 4 1 8;0.00288370982290684
15 4 1 10;0.00010457632326575
16;0.00343657944006911
16 4;0.00953855023797268
16 4 21;0.00185108628151355
16 4 7;0.00174773636582489
16 4 17;0.00227735417422606
16 4 1;0.00614300873774511
16 4 18;0.00023189781442177
16 4 23;0.000673430274773594
16 4 13;0.00454556085009863
16 4 15;0.00248512825279483
16 4 19;0.0014603513136793
16 4 5;5.38395347136732e-05
16 4 1 11;0.00201367623514463
16 4 1 2;4.16788152555286e-06
16 4 1 22;0.000817907558455059
16 4 1 6;0.00157552635292481
16 4 1 3;7.17528985548893e-05
16 4 1 9;2.59975706487746e-05
16 4 1 12;0.000165140724036489
16 4 1 20;0.00246685309463815
16 4 1 14;0.000119229045646283
16 4 1 8;0.0023077080197256
16 4 1 10;9.87434543574192e-05
17;0.0042565723989647
17 4;0.0112226713852764
17 4 21;0.00207886865465919
17 4 7;0.00196981863493466
17 4 1;0.00630249506446955
17 4 18;0.000201649376399041
17 4 23;0.000560069138095683
17 4 16;0.00227735417422606
17 4 13;0.00545924499441174
17 4 15;0.00296245318309295
17 4 19;0.0018936655473501
17 4 5;4.97848935495384e-05
17 4 1 11;0.00243675205728796
17 4 1 2;3.18356351886604e-06
17 4 1 22;0.000886499425136479
17 4 1 6;0.00171909395156165
17 4 1 3;5.58326730588599e-05
17 4 1 9;2.11104722732463e-05
17 4 1 12;0.000140284162737018
17 4 1 20;0.00229208449069626
17 4 1 14;0.000113139677021792
17 4 1 8;0.00245563121840263
17 4 1 10;8.20569751825533e-05
18;0.000150958892545532
18 4;0.000987219471654567
18 4 21;0.000222586457731446
18 4 7;0.000205232430083367
18 4 17;0.000201649376399041
18 4 1;0.000928616606341478
18 4 23;7.12803820636187e-05
18 4 16;0.00023189781442177
18 4 13;0.000512808169751094
18 4 15;0.000286637537185919
18 4 19;0.000193070011683254
18 4 5;4.21622834658878e-06
18 4 1 11;0.000213616993493919
18 4 1 2;1.32257713968365e-06
18 4 1 22;0.000106371996143904
18 4 1 6;0.00018604318417689
18 4 1 3;1.23599142148467e-05
18 4 1 9;3.15838678436107e-06
18 4 1 12;1.84489441763368e-05
18 4 1 20;0.000349664841949298
18 4 1 14;1.68815756704907e-05
18 4 1 8;0.000319206723871505
18 4 1 10;1.60202620158979e-05
19;0.00302461242765144
19 4;0.00909834136938625
19 4 21;0.00164240297919033
19 4 7;0.00173966876514933
19 4 17;0.0018936655473501
19 4 1;0.0047680775053816
19 4 18;0.000193070011683254
19 4 23;0.000383286273642002
19 4 16;0.0014603513136793
19 4 13;0.00469993308040838
19 4 15;0.00228006780956305
19 4 5;3.87252105508144e-05
19 4 1 11;0.00236273347209489
19 4 1 2;3.11297659267035e-06
19 4 1 22;0.000725450019309525
19 4 1 6;0.00131053972038009
19 4 1 3;2.64041963967329e-05
19 4 1 9;2.58054058528674e-05
19 4 1 12;9.37140274121723e-05
19 4 1 20;0.00161163956769938
19 4 1 14;8.88980988948491e-05
19 4 1 8;0.00191328088543672
19 4 1 10;7.5427381195603e-05
20;0.00687981046771613
20 1;0.0121459588943632
20 1 11;0.00231715656947111
20 1 2;7.37790515457423e-06
20 1 22;0.00113693754881609
20 1 6;0.00206228342846644
20 1 3;0.000108459381954831
20 1 9;2.98955091006772e-05
20 1 12;0.000228115508901307
20 1 14;0.000205228793336806
20 1 8;0.00341202299059081
20 1 4;0.00954565659322956
20 1 10;0.000164930420774554
20 1 4 21;0.0022518283674189
20 1 4 7;0.00191802087564142
20 1 4 17;0.00229208449069626
20 1 4 18;0.000349664841949298
20 1 4 23;0.00062074214423304
20 1 4 16;0.00246685309463815
20 1 4 13;0.00528538293573353
20 1 4 15;0.00289154596608646
20 1 4 19;0.00161163956769938
20 1 4 5;5.88355477494571e-05
21;0.00296664980477426
21 4;0.00987607356097523
21 4 7;0.00201508859959267
21 4 17;0.00207886865465919
21 4 1;0.00603841271249986
21 4 18;0.000222586457731446
21 4 23;0.0005461287857911
21 4 16;0.00185108628151355
21 4 13;0.00467011748032507
21 4 15;0.00244296837575681
21 4 19;0.00164240297919033
21 4 5;5.63142215149516e-05
21 4 1 11;0.00215297960480149
21 4 1 2;3.50091230234949e-06
21 4 1 22;0.000815965382920888
21 4 1 6;0.00157422139941085
21 4 1 3;4.55658950410405e-05
21 4 1 9;1.87119077183587e-05
21 4 1 12;0.000117291685856966
21 4 1 20;0.0022518283674189
21 4 1 14;0.000107724757348728
21 4 1 8;0.00238250558031903
21 4 1 10;7.84907347958874e-05
22;0.000606348939382789
22 1;0.00302767701510723
22 1 11;0.000828027692616692
22 1 2;2.10117857113195e-06
22 1 6;0.000686159116666528
22 1 3;2.02685396098926e-05
22 1 9;1.04820642184263e-05
22 1 12;6.61304312476856e-05
22 1 20;0.00113693754881609
22 1 14;5.14476822400711e-05
22 1 8;0.0010759773323227
22 1 4;0.00367521697554133
22 1 10;4.46857090540324e-05
22 1 4 21;0.000815965382920888
22 1 4 7;0.000738882409817976
22 1 4 17;0.000886499425136479
22 1 4 18;0.000106371996143904
22 1 4 23;0.000227624305968522
22 1 4 16;0.000817907558455059
22 1 4 13;0.00207002160912965
22 1 4 15;0.00120877390170965
22 1 4 19;0.000725450019309525
22 1 4 5;1.65089138849889e-05
23;0.000577014222084401
23 4;0.00271790433634408
23 4 21;0.0005461287857911
23 4 7;0.000519946143415441
23 4 17;0.000560069138095683
23 4 1;0.00180946808247512
23 4 18;7.12803820636187e-05
23 4 16;0.000673430274773594
23 4 13;0.00123172879376218
23 4 15;0.000623631233888915
23 4 19;0.000383286273642002
23 4 5;1.45671881660103e-05
23 4 1 11;0.000573756318996878
23 4 1 2;9.43500514564846e-07
23 4 1 22;0.000227624305968522
23 4 1 6;0.000436710609013989
23 4 1 3;1.42461131837792e-05
23 4 1 9;5.98832393155966e-06
23 4 1 12;7.4071964079061e-05
23 4 1 20;0.00062074214423304
23 4 1 14;3.62201512167514e-05
23 4 1 8;0.000843733542586638
23 4 1 10;3.97581364694449e-05
